State,White,Yellow,Blue,Green,Orange,Red
AZ,225,237,101,24,3,122
CO,248,269,123,27,4,144
NM,233,256,110,24,3,136
UT,232,252,115,24,4,129
MN,1,3,1,2,0,3
MT,32,30,15,3,0,18
CA,38,33,20,7,0,22
NV,58,62,23,7,2,34
TX,34,33,9,4,1,21
NN,12,9,5,0,0,21
OK,20,16,3,2,1,13
ID,38,36,21,6,1,16
WY,57,62,31,8,3,31
IA,1,1,0,0,0,1
IL,4,1,0,0,0,0
IN,1,1,0,0,0,0
KS,15,13,4,1,1,10
MO,2,2,0,0,1,0
ND,4,3,3,0,0,5
NE,10,12,6,1,0,6
SD,13,18,7,2,0,6
WA,17,11,7,4,0,5
NY,4,3,0,0,0,0
OR,25,21,11,4,0,7
MI,2,1,0,0,0,0